122.8844
108.1339
121.2656
94.57098
115.2648
115.3186
113.0332
116.5778
121.554
129.6707
128.2824
127.8822
125.6892
110.324
134.2372
132.1188
133.1709
144.6444
107.1851
119.629
125.0663
123.2591
133.672
120.3996
132.8836
130.3509
135.7676
140.707
148.5288
144.7785
134.93
121.6148
117.722
134.213
126.1753
141.3725
160.9854
132.8703
129.3547
135.2635
131.106
141.0233
114.47
118.547
126.3893
139.0615
129.1662
129.8445
142.0254
115.5405
111.9284
135.4408
131.9515
132.2493
143.7583
134.9664
117.0221
130.27
134.2445
134.2934
116.8433
112.9341
112.6591
110.4971
118.2079
111.0994
110.3084
106.0251
112.4311
112.4066
95.37655
114.9629
103.4118
109.9555
97.16244
113.2457
96.36441
92.8987
94.45788
114.6874
106.4627
97.26808
101.0722
96.77842
90.38526
90.83658
91.19453
85.42677
96.03288
108.4065
105.0706
97.09123
71.52011
95.4842
105.6643
92.66288
98.25283
106.1973
78.58278
91.86468
90.76951
77.21846
112.06
94.20677
91.61405
85.82429
98.89095
97.08021
95.03282
95.99335
94.31449
87.46985
97.62005
112.5263
101.4978
98.40348
131.9334
118.2023
107.6421
107.5156
105.2025
121.2269
111.0939
90.57321
102.8672
111.3948
107.3475
131.6553
106.4775
110.0653
104.0063
89.466
63.83124
76.44469
58.17671
77.89486
44.01541
73.14728
68.69969
79.75961
76.6676
75.54673
78.09035
63.52442
70.43206
80.70412
81.50329
69.56564
73.89955
75.91952
78.12681
70.02238
79.71059
92.75806
84.67842
104.9956
82.48341
87.37423
70.79907
80.19516
82.44451
93.64473
87.53515
91.61486
83.44256
85.88563
84.43978
76.61431
79.24305
77.13055
79.07085
83.82432
79.3924
94.74667
63.90302
75.01355
72.17982
74.02616
72.01917
51.20555
86.84699
86.46614
79.03359
75.05637
76.5061
68.81975
67.73979
82.69596
77.54344
77.00529
67.98296
71.9963
74.16288
76.38239
68.22657
81.04313
55.34607
53.27251
65.8677
60.54273
77.39007
72.33631
60.78033
51.262
66.18014
58.71511
39.79736
57.84912
55.15467
60.77712
55.96283
52.99433
48.44871
56.50717
63.96084
40.38789
42.41633
35.97925
48.61575
45.85846
43.1272
59.15201
67.41517
28.55628
24.06348
51.94267
34.02519
46.35761
45.43393
56.79958
46.00346
33.84208
40.86372
39.07159
39.24653
36.42228
13.64676
32.21186
38.82932
48.65732
31.33986
38.76071
46.92065
52.52257
47.07824
31.4036
37.83407
61.99004
38.14772
49.28803
71.97931
41.00679
48.06735
56.72535
57.24412
42.53492
50.53251
49.02481
55.95415
71.53514
68.29059
56.43762
67.60827
74.4065
80.31018
88.40109
72.25781
97.91827
110.7754
106.3777
101.0664
87.62402
100.8111
116.6277
100.0118
84.29669
101.5701
109.406
105.5013
107.9898
126.2373
104.6112
94.99296
110.9877
101.0896
115.2557
114.6753
103.076
127.1492
112.8198
123.2303
99.57146
119.7577
106.6592
110.1607
100.9841
111.8775
88.53571
123.7254
133.9192
115.6023
99.60347
110.1458
106.8113
112.4612
129.9361
111.4502
113.3936
106.1335
131.8933
112.5741
103.6725
115.6639
106.3929
109.3527
102.9345
118.0931
103.756
94.8327
111.5445
98.32359
95.82154
101.2657
98.58395
102.6545
91.47511
104.3878
100.7551
92.91814
89.91757
95.3854
91.30659
87.07969
102.4968
92.31158
79.88708
70.93327
85.07481
90.77413
92.78355
75.39686
86.12616
61.02818
65.00237
73.37498
95.65258
81.084
91.63261
85.9644
65.40566
87.81575
97.66922
76.8143
85.47871
69.4429
82.59565
94.74042
72.15252
73.90684
90.43917
69.68983
72.66639
91.39136
62.65583
46.23093
77.18831
59.52951
63.82723
69.71012
68.24511
76.10053
87.43748
78.48593
70.47243
74.03731
66.6454
70.99273
75.77355
85.80261
78.91688
69.65683
83.32446
81.31763
97.25139
84.01277
86.80912
90.44374
88.36504
84.51905
94.74461
84.22399
68.5714
100.4038
94.20094
110.6139
84.33331
144.4124
137.1121
132.3164
156.111
153.2473
155.6852
156.0229
138.5046
163.3605
170.7954
157.4906
155.5948
172.2346
136.4965
158.5987
161.8154
167.9007
161.6095
153.1378
166.585
141.3891
170.3032
175.269
156.5393
159.8598
155.3724
180.7334
157.7875
160.3444
168.7406
174.7024
168.0426
173.2125
162.2513
183.7277
143.9797
157.7958
176.1642
166.5146
179.1901
164.317
151.9292
171.2691
166.9463
186.4784
171.9539
162.5226
162.6202
158.244
151.3993
159.2079
151.8688
151.3073
156.7515
152.3392
140.5135
157.4616
151.8157
173.5467
157.1205
146.39
166.4775
146.4569
142.7764
149.6557
147.4048
152.1313
138.0845
148.8929
152.0609
135.115
148.4223
143.0241
124.2024
134.5351
122.2491
140.4239
136.7654
151.6384
135.5584
125.1062
124.6844
126.5173
143.7799
117.1315
131.8423
142.5327
115.461
132.0218
116.5464
138.584
123.6109
138.9996
127.1068
106.6987
138.4611
113.2677
124.0164
138.8822
127.3134
135.1158
109.0261
119.5885
122.7583
150.969
147.5452
134.9087
130.6418
124.1048
123.5123
119.7564
130.3314
148.311
131.2713
121.8556
139.893
148.9208
129.7699
127.4168
146.3151
118.6357
130.8954
131.7895
130.5559
120.7157
142.7114
146.161
147.1375
154.6746
138.0896
130.8274
135.773
113.107
93.54948
107.3939
88.9106
105.6435
109.0893
80.03918
103.9129
121.3045
112.082
115.6514
116.2947
105.8568
107.0053
105.4164
125.4862
104.1496
108.7101
120.0227
128.5919
109.6289
121.5978
107.9257
118.7568
137.2179
84.85137
105.0521
116.5544
123.7901
112.6188
121.1654
105.8001
125.0976
123.0935
115.5318
120.5563
121.0128
116.0352
135.5711
105.8129
118.9454
108.4342
113.6133
119.9825
99.268
108.2364
92.96384
107.7705
131.8051
104.6711
119.1989
118.4391
112.205
103.3835
108.1265
106.4479
114.2444
102.3662
95.62097
114.7069
116.4421
118.0238
118.1275
110.6612
97.54503
99.57461
87.86207
76.92687
112.7086
85.77902
91.30552
77.68426
112.1364
110.8713
105.0452
95.87766
71.91379
82.88436
83.22548
102.7728
90.52814
70.95476
86.55669
86.03663
67.29095
70.53899
101.599
75.40664
83.19955
67.11207
94.48731
86.87906
69.93013
92.78587
75.58524
92.00492
79.80686
72.65582
72.60629
80.36696
77.67662
54.9606
68.47567
84.37953
85.55458
89.80544
82.09151
83.66375
75.43939
87.87948
68.40675
67.44134
78.02092
69.02006
90.3661
92.80356
105.3422
82.29882
74.15563
102.1668
87.57188
99.85646
92.66674
82.28735
79.78474
84.53421
96.05954
70.57615
97.54132
97.66433
93.39035
90.71429
157.7221
170.2005
145.7136
145.0119
159.7512
147.8696
165.4685
150.7085
162.6997
152.6863
170.2437
155.1781
172.9981
180.2607
167.6699
182.5961
157.0425
172.4272
166.4042
178.8161
176.4531
174.6082
159.662
165.1228
169.1106
186.5394
171.3726
175.3378
176.7831
187.8178
143.033
182.0818
192.6294
180.3603
181.1653
176.4405
164.5694
170.3118
168.3552
189.4132
156.5965
159.1769
173.1213
209.1991
174.2626
162.3334
172.6602
172.3485
157.301
186.5366
166.2546
165.3298
166.0162
176.5713
192.5258
157.6273
171.9168
149.4179
142.6141
160.9516
187.6413
187.2115
161.8686
182.9684
145.1018
149.9099
144.1343
162.9605
150.4557
167.5234
180.1164
146.9106
153.3748
161.885
156.608
152.0505
166.9939
159.1946
138.6397
147.9796
136.4093
142.1043
143.3611
144.6946
158.2179
134.9403
132.8369
141.0449
146.5263
140.3602
135.5257
128.8625
139.5352
130.4677
133.5946
138.6685
130.6302
155.7795
148.4058
150.8893
139.0321
131.1246
145.2088
125.1946
134.1166
137.6748
123.7179
155.4109
156.8596
138.3348
133.8238
138.486
140.0875
158.2476
148.2408
145.67
144.8322
139.6905
146.3563
145.0617
143.4687
150.2573
151.5964
153.9596
152.9162
157.3408
145.0584
148.553
145.8813
143.0023
171.1349
150.7524
143.9566
146.5567
126.2982
130.3999
125.5361
134.266
134.8921
125.2337
133.1684
139.7654
146.6902
137.1478
114.8867
132.5323
153.243
152.9964
154.9123
148.7571
140.0402
164.9082
154.4211
145.4347
149.4595
127.9217
157.9645
155.1476
137.2355
139.7681
130.4809
156.6134
141.2599
159.8807
158.4494
153.1976
152.2007
152.5822
173.0988
153.7399
152.7238
168.5744
139.1043
134.1406
157.8393
147.5438
136.9183
141.1319
140.2462
145.4314
136.3538
162.668
144.1996
163.943
156.0479
140.6815
145.8027
138.8167
136.4185
134.1784
116.4676
136.7514
164.9249
129.2099
125.7512
139.9769
119.6341
135.5064
124.0502
127.7562
139.6093
120.9
143.2684
119.9584
116.2178
131.9874
110.0751
105.1484
110.4182
116.8384
119.8337
131.0085
117.8333
104.9123
118.0884
120.6967
132.1005
108.8191
121.5519
111.8898
108.106
124.0872
121.8064
121.3192
118.5825
98.32521
104.0106
112.0272
123.1647
102.326
101.8238
106.2838
121.3928
107.3686
109.27
110.2286
110.8368
114.558
128.7925
123.5248
118.1755
109.644
119.223
117.2993
111.4418
114.901
92.89568
118.5143
114.4512
131.7954
129.1768
108.6529
128.4455
129.17
147.8759
139.5828
105.4516
129.9273
124.6824
129.0447
121.4144
116.1185
125.5622
123.3738
57.04568
58.30769
53.52081
67.37321
60.30967
83.9668
54.63073
74.51338
65.74252
56.60376
83.82361
61.48728
75.8397
72.9764
68.35918
81.70484
79.85311
69.14327
71.8744
64.6925
64.98223
79.90093
68.79316
94.33828
81.10996
81.65458
76.26535
67.46658
80.39766
76.21282
68.0923
86.64512
94.68499
106.3494
91.78411
60.19559
72.54748
82.87698
87.19801
78.95481
65.40302
84.04241
61.03862
75.9094
79.41373
65.69576
68.29038
85.74569
64.26814
59.64995
67.9767
66.96
78.79994
77.30992
66.45846
92.148
75.18961
73.06014
55.26304
76.21157
69.76735
64.7209
77.69953
49.36019
76.42415
69.37537
39.97816
71.36988
46.57928
56.63936
57.69364
70.327
41.48248
59.10072
37.10647
38.8421
53.51936
55.10357
55.39022
42.21806
53.10244
56.5475
53.24345
41.47953
39.01162
58.52942
36.98823
50.7267
44.43795
37.52996
47.71567
40.99783
32.09898
41.57293
26.2638
37.74786
38.1755
29.87354
45.1246
43.23509
36.42379
37.30028
36.68826
28.06157
31.99216
26.65299
39.05473
48.93435
70.99088
29.64528
54.35054
52.75857
39.82437
28.06914
51.29517
41.49205
51.80668
50.50734
59.98513
51.76176
30.2384
47.78922
58.88579
45.56189
38.71737
51.01508
49.42648
54.67631
73.46672
58.81497
58.08166
58.4778
109.6537
116.2242
88.32464
105.8585
116.2578
128.5029
122.3515
129.8581
122.6492
98.82474
103.4729
105.0855
116.3725
138.3102
119.6287
117.912
112.6812
123.1694
111.4077
125.8047
122.1551
125.6756
123.8249
114.48
136.2951
117.9778
150.8335
136.6143
135.2021
138.9674
128.7949
129.8728
105.0248
134.292
125.1741
123.3538
118.2924
136.8512
133.9638
124.9148
134.2365
101.1295
124.3906
129.5622
126.4646
131.7357
138.2517
115.099
131.7735
116.4131
110.4474
108.6138
104.207
115.7776
128.7342
112.3915
119.7041
103.6327
119.0688
97.48878
109.9479
109.0209
107.4522
114.7153
104.8826
110.2174
131.723
104.9614
124.0455
98.98612
101.066
101.0643
111.1438
118.6694
93.9049
93.67716
103.97
93.94575
90.09613
85.81381
89.68076
87.9844
87.7316
75.75595
108.2234
70.26132
91.42382
96.70477
92.50973
82.4313
94.11431
95.34328
77.3328
83.78765
97.25311
84.36053
84.20894
107.2518
93.62233
91.56832
72.62891
93.53391
106.4402
87.08456
79.53988
98.64813
78.65083
64.84535
93.43361
64.68772
84.41272
77.78808
88.28786
74.35974
98.41716
93.32123
76.86435
90.67708
107.2733
99.38848
99.0595
102.5248
98.4528
85.67382
87.935
103.021
99.37245
114.9785
114.9021
103.6592
94.17802
107.3865
170.674
171.0162
166.4237
161.5409
155.3747
156.4435
171.4055
174.2987
158.7731
181.632
197.0968
163.0612
173.0709
167.1025
172.5821
178.671
178.9975
174.5526
183.4996
190.0813
166.3674
179.2963
185.5175
180.0317
188.321
170.0535
178.6167
192.0785
174.9627
174.4613
180.8651
182.6937
192.7975
182.9053
177.0795
167.5893
202.6417
174.737
175.9876
200.9338
174.6442
182.7154
181.136
175.9648
166.3027
176.3359
166.9977
187.2429
169.5503
166.4468
186.6373
173.4182
159.2457
158.9038
167.899
178.0521
152.9114
177.2897
171.1624
168.2863
175.1698
169.6162
182.4655
165.0065
164.3541
157.0086
163.145
162.2413
175.2988
168.6565
161.6436
168.5608
149.4109
140.1466
163.5189
157.7238
168.6416
152.9321
147.6065
144.9699
132.2533
150.0848
142.3872
155.1724
138.9045
149.5422
145.7295
142.2795
142.6004
146.2856
161.1546
130.0249
146.2826
148.8331
139.0758
139.5282
143.1508
142.8631
150.6801
139.0648
152.3921
128.4328
137.442
142.3769
150.1789
152.3173
139.3366
160.8748
154.2157
135.1487
145.4551
138.9817
137.0209
156.7647
127.9422
151.107
132.5618
152.8148
136.6271
142.375
148.7717
165.7782
152.4467
155.2225
157.6149
160.3273
132.4857
152.053
158.0692
150.8905
154.2552
185.039
